  0.00000294964996904  0.00000662171458492  0.00001235951351783  0.00001789474016946
  0.00002297399529256  0.00002791462920965  0.00003276430155418  0.00003757647668860
  0.00004240123670122  0.00004724792343484  0.00005210331073672  0.00005701029443046
  0.00006193023084484  0.00006689838547272  0.00007194312036636  0.00007709679500391
  0.00008238592441970  0.00008777769845301  0.00009329780875979  0.00009894995093397
  0.00010469559690708  0.00011054624823503  0.00011653206627881  0.00012264592466889
  0.00012890580962578  0.00013525042100948  0.00014172404859780  0.00014832021137141
  0.00015504936545968  0.00016185722835059  0.00016871274584949  0.00017563566459309
  0.00018264317709260  0.00018980023622125  0.00019720111479658  0.00020517289356795
  0.00021330662107073  0.00022177680322382  0.00023053283155458  0.00023947351959786
  0.00024899893165036  0.00025870633516780  0.00026898723445562  0.00027970418109535
  0.00029074674005287  0.00030225614312837  0.00031416226136698  0.00032655375338925
  0.00033953000445228  0.00035293847916780  0.00036698262735923  0.00038162481335438
  0.00039706786330143  0.00041360515868789  0.00043073352018102  0.00044856439717450
  0.00046730577177574  0.00048685006291636  0.00050799687797770  0.00052966700136250
  0.00055322624591162  0.00057732116382630  0.00060329831849537  0.00063031892262429
  0.00065902331599532  0.00068975565700522  0.00072333149150791  0.00076008377218802
  0.00080006864943005  0.00084399698700153  0.00089198428741218  0.00094554287352519
  0.00100209305250933  0.00106324193789478  0.00112864541062157  0.00120004271615613
  0.00128062502667605  0.00136833645435618  0.00146597568989820  0.00157620703200660
  0.00170464500672900  0.00185157980213090  0.00201934879932320  0.00221160973725252
  0.00242853655953988  0.00268562045855677  0.00301032422086536  0.00341290285602844
  0.00389782804428184  0.00449535475291993  0.00534565642354445  0.00668096470780150
  0.00930123581480355  0.01542398444719137  0.31540285211077157  1.00000000000000000
 -0.00241417092443222  0.00916304541086324  0.01894747594310581  0.02961932893679901
  0.04013065701825774  0.05061092804318229  0.06094909223440493  0.07137828647402730
  0.08188421963152294  0.09223915675283116  0.10254562494088015  0.11319252434256835
  0.12374902838518129  0.13434534505222009  0.14470510787134305  0.15523556401312719
  0.16567673519494425  0.17636908075468963  0.18663336048970841  0.19688020951117838
  0.20714055488027081  0.21765749035019641  0.22848490277959402  0.23895673737099743
  0.24961355486467987  0.26008629252356896  0.27049878179591891  0.28118663595731247
  0.29167535336553163  0.30273889444234764  0.31370742301938431  0.32415121569202643
  0.33445290799063920  0.34461967779524771  0.35525196189678937  0.36585510636848600
  0.37638945106497340  0.38700394123196707  0.39751188558710315  0.40802758928133603
  0.41844083214329048  0.42879980145084157  0.43910087869724651  0.44966891407609677
  0.46038977700024541  0.47072183824941555  0.48122227759724245  0.49169893292545275
  0.50210428103049631  0.51225950185422131  0.52246725469410915  0.53298447445766439
  0.54353492354587629  0.55405008963024005  0.56456649057143626  0.57519796200350493
  0.58584811791566449  0.59660840705843299  0.60748975001653405  0.61869226807795519
  0.62983166285403502  0.64082364407198433  0.65144991291501686  0.66190320222134102
  0.67244522726610967  0.68304090446710608  0.69355507770248870  0.70396040056651454
  0.71450955472379574  0.72516582982774624  0.73572329157095351  0.74643333402473400
  0.75740285005612962  0.76828125117650270  0.77897085627743978  0.78936532210813615
  0.79975143181194419  0.81003541426275727  0.82028957803336544  0.83057201446509743
  0.84094156371962392  0.85135415497802480  0.86170806860547644  0.87222290828441029
  0.88299619679015173  0.89414920826558464  0.90505861265448140  0.91584793849488300
  0.92629051271307861  0.93678111888257432  0.94710863788972777  0.95745633539881114
  0.96785514478433965  0.97839745351827867  0.98924662757689719  1.00000000000000000
 -0.00383999881495154  0.02439815752246772  0.04504065813472892  0.06237495532974111
  0.07793304867740164  0.09231345470788699  0.10583838808698015  0.11848478066872850
  0.13069900862503839  0.14267387958758668  0.15430898606888452  0.16554697213669056
  0.17640255129738938  0.18700163371410106  0.19742466125905012  0.20763619251073509
  0.21761543976651723  0.22745735117771498  0.23716663142698111  0.24667949793499999
  0.25600206784530305  0.26514714858937072  0.27424377677356709  0.28313069161683352
  0.29195246568480976  0.30081045972250031  0.30959589409146826  0.31823096307604226
  0.32674957413987732  0.33521149583033438  0.34374578400929484  0.35224372975876600
  0.36055462953369161  0.36876833083922256  0.37699951970723738  0.38526302053037836
  0.39354930307299113  0.40166856265312423  0.40959698360435920  0.41753593801321187
  0.42528585110369233  0.43307030482880221  0.44086959522042418  0.44882199005520329
  0.45670411094121444  0.46453651454969136  0.47232443843179944  0.48017339216335175
  0.48816647605730240  0.49620769304112827  0.50414469235433490  0.51199876894178609
  0.51973585168664638  0.52747279375143830  0.53527333664985910  0.54311226468361140
  0.55098620628859951  0.55880499111012205  0.56671092703492321  0.57464319290212851
  0.58265327232649777  0.59063035034934908  0.59861250189852366  0.60667620441731851
  0.61486650037779522  0.62313911797623012  0.63133857086143863  0.63944431952833802
  0.64759089807730785  0.65587222292020675  0.66427265546935055  0.67269477914814280
  0.68118956642418604  0.68975475050040536  0.69836493303832603  0.70703803379313401
  0.71610838915880370  0.72545580411208144  0.73510195905625630  0.74485607792981356
  0.75475413251350765  0.76482767991702350  0.77509035427841344  0.78560628373439856
  0.79638117212118942  0.80729920910413722  0.81857557932787661  0.83033208126589109
  0.84275397098818128  0.85590533318020601  0.87019513148647964  0.88583669604761806
  0.90330342558382959  0.92407740153722784  0.95137529628400386  1.00000000000000000
 -0.01902732707602183  0.10897119138600897  0.14479536529165515  0.16677829046015097
  0.18406604319677844  0.19875562424501966  0.21179609013141029  0.22374003168206902
  0.23458822106654464  0.24476988462197866  0.25443336852228576  0.26379688293301562
  0.27287378434612963  0.28154882334216996  0.28991964741015752  0.29792333152651795
  0.30581175037267078  0.31363330256131655  0.32128536490322807  0.32873783418745323
  0.33590927902449869  0.34273790894798956  0.34952187644088206  0.35620287829182690
  0.36284809564010162  0.36936787531855525  0.37572204740736803  0.38192674686183370
  0.38804970325217242  0.39413695298900903  0.40012809693423596  0.40600238613291134
  0.41184015398164459  0.41766156424608275  0.42335154389154117  0.42912379591895200
  0.43486290371166564  0.44060531460745717  0.44629134186657948  0.45193465234378738
  0.45757120326212120  0.46317856452874423  0.46877523612531530  0.47435852556110419
  0.47988414191427864  0.48537785270034145  0.49086638019426487  0.49638444795976239
  0.50190699874126221  0.50741333526131094  0.51283321496058332  0.51822537688076897
  0.52362252626701944  0.52902998633222120  0.53449834505943428  0.54002506632947400
  0.54565560865023266  0.55136434985523231  0.55707480678333621  0.56285280378773628
  0.56870183868902413  0.57459422174132535  0.58042277140940668  0.58622280499142609
  0.59210754877587513  0.59806498350737114  0.60413492496384413  0.61023660708170491
  0.61637913776807296  0.62260975768083382  0.62895708866625755  0.63538832804866474
  0.64185273797037734  0.64846929049898350  0.65536161465004183  0.66245245914805140
  0.66970811516543416  0.67708513019045713  0.68449875562641804  0.69215877853337093
  0.70007602784862943  0.70818009441392848  0.71641173824039583  0.72482281930981474
  0.73367626131691310  0.74315651190819199  0.75315087580184570  0.76381855648600128
  0.77510686082956914  0.78718878671827985  0.80041230052685186  0.81533512550568776
  0.83275448927130502  0.85475938368904514  0.89023559023930332  1.00000000000000000
   2.3477394538967810E-003  -1.0000000000000000     
 F F F F F F F F F F F F F F F F F F F F F F F F F F F F F F F F
  <DiscreteSampler_grid>
  grouped_processes
  1 # 1 for a reference and 2 for a running grid.
  10 # Attribute 'min_bin_probing_points' of the grid.
  1 # Attribute 'grid_mode' of the grid. 1=='default',2=='initialization'
  0.0000000000000000 # Attribute 'small_contrib_threshold' of the grid.
  0.5000000000000000 # Attribute 'damping_power' of the grid.
 # binID   n_entries weight   weight_sqr   abs_weight
    10   10   9.942716283881369E+008   5.769757150088691E+018   9.942716283881369E+008
    16   10   9.942716283881371E+008   5.769757150088691E+018   9.942716283881371E+008
  </DiscreteSampler_grid>
