  0.00000180731601991  0.00000592402433172  0.00001126352028252  0.00001665091220311
  0.00002167351142017  0.00002648335632056  0.00003123154846484  0.00003596063696398
  0.00004065422693171  0.00004541136955325  0.00005022238751660  0.00005509369012086
  0.00006003447197630  0.00006485938665406  0.00006969584638745  0.00007466710356053
  0.00007973278680057  0.00008488393063735  0.00009014874727964  0.00009555965327712
  0.00010114211841851  0.00010679917889474  0.00011252025799981  0.00011833319264762
  0.00012425980073319  0.00013033518659457  0.00013655919017249  0.00014289458382539
  0.00014932579712903  0.00015583595584715  0.00016241982427320  0.00016914231346393
  0.00017608828113925  0.00018320313745947  0.00019048292024578  0.00019801030488202
  0.00020583924171098  0.00021385300770469  0.00022214531088709  0.00023074194852061
  0.00023957384277547  0.00024876592237416  0.00025827946246531  0.00026807872866374
  0.00027855181447391  0.00028908826379906  0.00030012819059809  0.00031157606494465
  0.00032336731278918  0.00033639981865207  0.00034948433228391  0.00036325463239079
  0.00037750148866557  0.00039241453987171  0.00040823991474165  0.00042495552551938
  0.00044230752353005  0.00046063428210493  0.00047976351669613  0.00050003583059690
  0.00052148775514645  0.00054399478787124  0.00056774075443218  0.00059269194911632
  0.00061929745494092  0.00064784181734163  0.00067852789336522  0.00071152936896739
  0.00074718178878078  0.00078617571966501  0.00082850776108365  0.00087401553677733
  0.00092223488064099  0.00097369063014568  0.00102944334823627  0.00108937047266514
  0.00115532775727054  0.00122783377663411  0.00131029695236601  0.00140176086920373
  0.00150623480503865  0.00162700092059051  0.00176603105508650  0.00192091346968613
  0.00209307548534227  0.00229205155065705  0.00253263618923812  0.00282197114311790
  0.00319495613191688  0.00364593243217273  0.00423059238441085  0.00497065446367269
  0.00588303700911807  0.00721481683292763  0.00943457473729252  1.00000000000000000
 -0.00225535105291810  0.00900015208939992  0.01845848273599355  0.02853903292917193
  0.03883762177168727  0.04919638317843291  0.05954528612266215  0.06983277510092130
  0.08064942431809409  0.09148224698869971  0.10253408850848390  0.11346843764691970
  0.12413916383936506  0.13453282418400339  0.14476119892989658  0.15522484024366648
  0.16606847362956997  0.17705735380208851  0.18800511159107611  0.19848890486979848
  0.20893621532861173  0.21943214537973491  0.22999177965458967  0.24063848056987605
  0.25149114705740083  0.26245039852206498  0.27317411733053226  0.28370429013583287
  0.29410768010039712  0.30486617603291644  0.31555913323765833  0.32631639682977387
  0.33693567589458745  0.34724518995640324  0.35741648803701065  0.36740047923638453
  0.37761922992982655  0.38841465326775421  0.39948575702697592  0.41077323879362027
  0.42164385671364724  0.43216241973758995  0.44256141704463992  0.45279486591156948
  0.46328643796729846  0.47393134176759716  0.48465363667032085  0.49528312070993569
  0.50584821331861329  0.51656146418180671  0.52720767270299873  0.53779992873879345
  0.54828347256396470  0.55860641622206109  0.56879683265301906  0.57906726770591921
  0.58952963238062250  0.60014556696113264  0.61070123582069247  0.62134834477732548
  0.63200449023569349  0.64272212350002067  0.65340905667934512  0.66417600515130903
  0.67484265530261622  0.68544387538998774  0.69583808847353879  0.70615550673771010
  0.71642121661986824  0.72676342671887406  0.73719929502762405  0.74765050169323577
  0.75818336015248977  0.76892776509180094  0.78000566233373136  0.79096033515739839
  0.80187072556672812  0.81262849189168207  0.82341678697424225  0.83420115329206868
  0.84472905191287051  0.85519072697674525  0.86556223236214480  0.87584774366758000
  0.88564903472244016  0.89558581082865374  0.90550645858155676  0.91573466048285534
  0.92597624729531913  0.93637827482447977  0.94716404407916210  0.95782142444997931
  0.96858260890854186  0.97906088822601534  0.98956772449269736  1.00000000000000000
 -0.00402429469377526  0.02470581561451683  0.04523780810221220  0.06255229861663208
  0.07819233852781922  0.09262990043480057  0.10621119452272806  0.11894134398577165
  0.13123020012827347  0.14310522577985382  0.15474492383499677  0.16603247070943300
  0.17707328722327523  0.18780741070927107  0.19835080207107750  0.20870019106450563
  0.21859816589155540  0.22820345068540837  0.23756563939045119  0.24670449343658551
  0.25567689173865227  0.26460324913575223  0.27358898835343087  0.28277444846400485
  0.29178486638931578  0.30051967344475156  0.30909805870144019  0.31768367436255396
  0.32615476241495162  0.33446770889156346  0.34264503974267363  0.35078814316161433
  0.35902534292003868  0.36734115595897876  0.37564598693209822  0.38392689947662856
  0.39218753288534380  0.40037236897107759  0.40847226771385459  0.41656318821701094
  0.42463162120820486  0.43278412346771766  0.44088486412906425  0.44905554526825947
  0.45724336788328190  0.46548286106453052  0.47366277103637577  0.48170650982524016
  0.48968090440538808  0.49772069723391044  0.50577958435956161  0.51386557686417389
  0.52186621874353234  0.52971474591513779  0.53753091562247968  0.54538183735969470
  0.55321854435231199  0.56108317638586047  0.56897015553427732  0.57678727032591159
  0.58453747565427183  0.59237522540798759  0.60031944506530865  0.60834967279497065
  0.61649086949816490  0.62454134768965286  0.63256973223244639  0.64055567831280502
  0.64865076472196292  0.65700708907159688  0.66541454946355694  0.67385954173333307
  0.68227715571125425  0.69088698029281570  0.69965186134128776  0.70856262144755300
  0.71758549481408940  0.72672282759555762  0.73595937140100609  0.74533836802422371
  0.75498892419210839  0.76495110429581281  0.77518152828996212  0.78561954958292368
  0.79644083295639090  0.80776154704019731  0.81935008857673164  0.83115221770163372
  0.84341179098450869  0.85647112453759033  0.87036802531900470  0.88577621636039927
  0.90324094016369294  0.92413477342239825  0.95255533727080954  1.00000000000000000
 -0.01944717834529208  0.10993045753154947  0.14571172300232613  0.16769357154859757
  0.18512593244397302  0.20006951580386553  0.21332085296965997  0.22536145184707282
  0.23647659209528871  0.24689176046159481  0.25677176519635447  0.26621905407399477
  0.27519277684994092  0.28372699964430875  0.29198276458513006  0.29993916271601867
  0.30765111993230476  0.31519291077890532  0.32258006511189452  0.32982523287457610
  0.33695297143323832  0.34396132090645681  0.35087261191236896  0.35757800871101159
  0.36411380249266156  0.37059805662663126  0.37699128243766600  0.38321087622027583
  0.38928880712661207  0.39525915533767847  0.40112145724231596  0.40692266747614719
  0.41279418396373480  0.41863665452921739  0.42443430343163546  0.43019737824884025
  0.43592020404334075  0.44158846184443179  0.44726212203627685  0.45292400528924420
  0.45855417829660766  0.46413671272993512  0.46969906736909844  0.47525379924927269
  0.48075047268169158  0.48617196883783365  0.49153396137423305  0.49697514859505881
  0.50241108033603255  0.50792008484121121  0.51339037735358106  0.51883372489676016
  0.52426879984667740  0.52968207194856154  0.53509520060180138  0.54053820473201741
  0.54605393122706825  0.55164659430920948  0.55727352330283531  0.56292305177886048
  0.56858529848562966  0.57430797272429446  0.58005949794014000  0.58591848011725067
  0.59184185742757567  0.59777264693975241  0.60375046238044860  0.60978743560820547
  0.61592387092854650  0.62216761335989423  0.62856320710899016  0.63505747573758942
  0.64156550538964396  0.64814487299310231  0.65485370827220468  0.66169986155467164
  0.66877313280993411  0.67605061742978301  0.68348054974465988  0.69121597578972838
  0.69928556927703689  0.70763320750328762  0.71622145123857606  0.72502125911625792
  0.73405959666415233  0.74351058111939561  0.75352036160286984  0.76413393106763883
  0.77533881757868095  0.78736186091198035  0.80065334273588196  0.81554415499804878
  0.83292872571381948  0.85487524725045472  0.89049745251917378  1.00000000000000000
   2.3724425435189037E-003  -1.0000000000000000     
 F F F F F F F F F F F F F F F F F F F F F F F F F F F F F F F F
  <DiscreteSampler_grid>
  grouped_processes
  1 # 1 for a reference and 2 for a running grid.
  10 # Attribute 'min_bin_probing_points' of the grid.
  1 # Attribute 'grid_mode' of the grid. 1=='default',2=='initialization'
  0.0000000000000000 # Attribute 'small_contrib_threshold' of the grid.
  0.5000000000000000 # Attribute 'damping_power' of the grid.
 # binID   n_entries weight   weight_sqr   abs_weight
    10   10   4.856983356537045E+008   6.102035723812362E+017   4.856983356537045E+008
    16   10   4.856983356537045E+008   6.102035723812362E+017   4.856983356537045E+008
  </DiscreteSampler_grid>
