 -0.00006782047081535  0.00059169165060554  0.00118319351495793  0.00195531403538369
  0.00284093248281201  0.00395618737386571  0.00524435637769889  0.00662041203394684
  0.00815323318370941  0.00989369565849546  0.01174034336380082  0.01370292883151793
  0.01576443829152049  0.01797234799882521  0.02032715868435431  0.02279679718180470
  0.02543203038309837  0.02819578186435257  0.03106375623654779  0.03415057790943325
  0.03754386474067780  0.04103379606189198  0.04444296876376284  0.04793360519873537
  0.05164537910297043  0.05564354369309686  0.05997581587320060  0.06448825937540079
  0.06905525295081014  0.07365598211033911  0.07839418523527937  0.08329811680638328
  0.08847580355424503  0.09380653648927542  0.09933103353269815  0.10497958467350169
  0.11059823896408619  0.11607768549625939  0.12159014840854006  0.12754079393218279
  0.13387198135553102  0.14056258071179517  0.14759467061175571  0.15474913320442418
  0.16206760022989986  0.16973081342153826  0.17797846283968938  0.18671065968092831
  0.19573774505560765  0.20510087909546174  0.21489665464497451  0.22505101032225233
  0.23585328055238131  0.24775562689997718  0.26095973240920278  0.27560166563422545
  0.29189263466018456  0.30994934792627821  0.32983737243933686  0.35309287053231553
  0.38405255838317248  0.44151592679975604  0.53728163105692106  0.61033455095485900
  0.64810001301160336  0.67529922968847333  0.69703362446456596  0.71651422656872821
  0.73478967469667977  0.75205050381768490  0.76793796482729693  0.78229340827249016
  0.79557491000465885  0.80793549358983452  0.81957331185808713  0.83070811175287651
  0.84146820346587770  0.85188315287584748  0.86184912178455153  0.87157934390482450
  0.88115709134394560  0.89062214716478327  0.89966056399121097  0.90858057226023103
  0.91726176474697851  0.92555214091750992  0.93362557551500880  0.94157349131309054
  0.94941848662571260  0.95719461568272646  0.96471346402536884  0.97209889214095768
  0.97940441876788642  0.98637297135308943  0.99322895198760697  1.00000000000000000
 -0.00235929084260635  0.01000919425128458  0.02064113779124913  0.03198146860631035
  0.04309918939612049  0.05415222010641333  0.06498485629919296  0.07552516672319858
  0.08570903827747990  0.09522446970187731  0.10445761363642765  0.11372975346898610
  0.12337300628272244  0.13382133881781436  0.14463777183009319  0.15473165849774639
  0.16436657966728815  0.17402356319816725  0.18358105504953487  0.19281230579408981
  0.20211084943391353  0.21180670352812830  0.22309502266371370  0.23405487809132594
  0.24436787695566245  0.25454430358385166  0.26487956202398277  0.27499486653532335
  0.28568118696041889  0.29629881894676113  0.30645793866560767  0.31607027337390786
  0.32596532128237971  0.33633762587638144  0.34684862994762050  0.35733528460938291
  0.36851618274581993  0.37995548399256635  0.39111320530046262  0.40228052997230546
  0.41354344265280946  0.42490661701669863  0.43631176406357858  0.44740255372604554
  0.45875898293313144  0.47021283376865514  0.48188522630061509  0.49383241356192886
  0.50596582667420342  0.51837707926958787  0.52976520987749132  0.54059432389663431
  0.55142013325356953  0.56206545472315406  0.57212424446739141  0.58223132945135037
  0.59324287884609472  0.60535459069356146  0.61808196019805217  0.63048731281859960
  0.64248826752066945  0.65429786504170817  0.66578699169740863  0.67674683179333683
  0.68684225997512816  0.69585594411110196  0.70527628186317259  0.71540381944931442
  0.72564161175913788  0.73515648463917693  0.74432072049958453  0.75371126531360078
  0.76290354437169228  0.77195046848625593  0.78085367308873399  0.79006515974107483
  0.80031381125779333  0.81099225223732307  0.82194390275100226  0.83280317238346346
  0.84518344610073226  0.85711415351158726  0.86853975989254739  0.87980181688593850
  0.89154849070385833  0.90235791518601460  0.91255036738881168  0.92245096449304975
  0.93206333355541648  0.94137699782704320  0.95108562835550681  0.96141409152329127
  0.97171108497097070  0.98139525128360183  0.99057033419284546  1.00000000000000000
 -0.00146797196872339  0.01263296261367090  0.02375405984004030  0.03401842351738662
  0.04393188437456663  0.05334329968369912  0.06222081911401811  0.07089139134615316
  0.07912009716041585  0.08720600409344047  0.09538115191749499  0.10345083668343480
  0.11149604059793666  0.11922116730742435  0.12691420967494169  0.13437124620891891
  0.14142681157716860  0.14831388943960633  0.15518297515571050  0.16230730020961437
  0.16962833579960707  0.17712934497004137  0.18454429097454167  0.19149272386249408
  0.19798761517841368  0.20446575192452590  0.21061892588901776  0.21668097299655628
  0.22279636384410442  0.22888369133031294  0.23478057026338514  0.24029634042168938
  0.24596527542607521  0.25184478445243108  0.25810520385523139  0.26415855266364968
  0.27035169287160882  0.27734884384188041  0.28463902099749722  0.29154863850139473
  0.29789744498794718  0.30402098641546121  0.31022671041101918  0.31654176820957097
  0.32300927629955456  0.32962183999083028  0.33604174110303381  0.34254326099195165
  0.34904447624333590  0.35602393430718954  0.36359965431576546  0.37109633034360107
  0.37807351941620476  0.38482034430154594  0.39169797761234409  0.39870731922464475
  0.40554648555483963  0.41217656122951740  0.41883552604118535  0.42568381852647580
  0.43288229271346035  0.44074367786715563  0.44958513364397079  0.45809847849019408
  0.46687741335936284  0.47552172950994953  0.48443695904784057  0.49345248372809475
  0.50253857415755820  0.51157864292679611  0.52072382946827322  0.52950734000643473
  0.53828747138132760  0.54723109115775126  0.55618798580585571  0.56561283273342733
  0.57519706124156400  0.58519082018433022  0.59529685554716538  0.60482318780498456
  0.61387694932845505  0.62318648912633334  0.63330600125570802  0.64455885827712078
  0.65667885324925446  0.66951845593511627  0.68312715682553871  0.69904729593461923
  0.71657794979355816  0.73595264087008061  0.75830946204146366  0.78221042836853472
  0.80710761654762275  0.83778831647786456  0.88694740915665982  1.00000000000000000
 -0.01663131147359084  0.10780776865943725  0.14349093659148124  0.16396872174385041
  0.18112518651849049  0.19659240513971443  0.21074020671527385  0.22391042513793541
  0.23605735013503965  0.24740187192790605  0.25727146506788862  0.26640233174759353
  0.27503396088264720  0.28366253265417202  0.29211178041523028  0.30012739425124701
  0.30782850894688285  0.31513350797479395  0.32216166003382218  0.32901087254188083
  0.33545891966609048  0.34174437228130733  0.34805053502219846  0.35461678770642863
  0.36133916536479671  0.36787132888703761  0.37427197823174924  0.38078828007656029
  0.38720302926327782  0.39334771923656819  0.39942029562876846  0.40568277352658622
  0.41215842732499286  0.41875437645579316  0.42515352447877419  0.43120128873255381
  0.43752310364282826  0.44383475096399128  0.45004144858171069  0.45619272269323208
  0.46215238719063112  0.46787958523035494  0.47356882706808340  0.47930533645308820
  0.48491883800841601  0.49057198930912610  0.49645400229496783  0.50260683435166675
  0.50890078768470037  0.51512440035017715  0.52110425642850267  0.52656637452714949
  0.53182806598087640  0.53702403104396024  0.54222421535758580  0.54738704145211092
  0.55260217994757754  0.55798436699357667  0.56352864798031699  0.56919985775536330
  0.57496956903877938  0.58074603198979668  0.58642986046120948  0.59203541384429303
  0.59756703165216818  0.60313244852048242  0.60883374804697732  0.61471478232263010
  0.62077458626134052  0.62658055030983040  0.63297870105824927  0.63931660170016791
  0.64647164041319294  0.65432630203115494  0.66197762791580983  0.66945843911165570
  0.67714154943259064  0.68493834369163253  0.69242419335554040  0.69955551798035664
  0.70673508800315699  0.71428003173018240  0.72225126266739048  0.73063860741221887
  0.73900829510528188  0.74754648856012684  0.75729790124237828  0.76754428754667992
  0.77826049379294671  0.78940416982347339  0.80318296747347573  0.81910477488743472
  0.83737176058116247  0.85955830008023393  0.89296359408565040  1.00000000000000000
   3.8233783518803793E-004  -1.0000000000000000     
 F F F F F F F F F F F F F F F F F F F F F F F F F F F F F F F F
  <DiscreteSampler_grid>
  grouped_processes
  1 # 1 for a reference and 2 for a running grid.
  10 # Attribute 'min_bin_probing_points' of the grid.
  1 # Attribute 'grid_mode' of the grid. 1=='default',2=='initialization'
  0.0000000000000000 # Attribute 'small_contrib_threshold' of the grid.
  0.5000000000000000 # Attribute 'damping_power' of the grid.
 # binID   n_entries weight   weight_sqr   abs_weight
    10   10   1.345304968300323E+007   2.513820251618186E+014   1.345304968300323E+007
  </DiscreteSampler_grid>
