  0.00000173091920776  0.00000511539117295  0.00001122470949387  0.00001684446247067
  0.00002215279395968  0.00002721735380037  0.00003211947420330  0.00003696246654127
  0.00004177624677548  0.00004664881973666  0.00005157464601550  0.00005657138244084
  0.00006166140943185  0.00006672138411247  0.00007187922906203  0.00007710994191657
  0.00008240777520001  0.00008782257498624  0.00009341353215684  0.00009913754778835
  0.00010499887250500  0.00011098310695217  0.00011706964891030  0.00012326780624695
  0.00012957263160953  0.00013600664910449  0.00014260127317480  0.00014927998132987
  0.00015604854023986  0.00016285099813769  0.00016967536847519  0.00017664353628857
  0.00018390371715581  0.00019132612781917  0.00019903403255322  0.00020705701350968
  0.00021530634181052  0.00022394399064873  0.00023293163809426  0.00024208236461802
  0.00025147733116110  0.00026103254416072  0.00027109555223737  0.00028149941498427
  0.00029212686381541  0.00030334673446335  0.00031487885661981  0.00032711021311469
  0.00033978276373869  0.00035300734508234  0.00036692514435938  0.00038170414407194
  0.00039727227290575  0.00041390745743186  0.00043113635876637  0.00044911704917799
  0.00046775298873008  0.00048716359635658  0.00050777514320461  0.00052924309986095
  0.00055265108988320  0.00057718312347345  0.00060369741139672  0.00063248020057652
  0.00066311930878280  0.00069581748663059  0.00073069880466224  0.00076831942458488
  0.00080896235300598  0.00085234693326544  0.00089826724741826  0.00094713338631156
  0.00100131057455268  0.00106055415581557  0.00112574755675487  0.00119499294031806
  0.00127103322858181  0.00135447777322655  0.00144519923410043  0.00155222144906645
  0.00167408912910001  0.00181695654901313  0.00197829319029442  0.00216106722962924
  0.00237414211593235  0.00263543990346390  0.00296235947285031  0.00336501880781899
  0.00387174852603578  0.00450246875505357  0.00536612587566482  0.00662998489672339
  0.00882616162869140  0.01258644176538795  0.13899193981248986  1.00000000000000000
 -0.00253955944781454  0.01005669207156672  0.02081965778230393  0.03168383425035151
  0.04241818949198708  0.05313174613740756  0.06387770663446268  0.07472424394828331
  0.08548549917340817  0.09610734198208075  0.10664908337021113  0.11690733577864248
  0.12714088248053304  0.13743036398009029  0.14774533197798451  0.15838989369835926
  0.16913304875256341  0.18013557320329973  0.19087716062945867  0.20113425781371103
  0.21142175107770608  0.22206483888648992  0.23277207498875524  0.24336021524154158
  0.25395182512764314  0.26461827574833097  0.27529454203201409  0.28578945235823966
  0.29626766874243776  0.30672258641913613  0.31719567830827167  0.32767090721783582
  0.33814062753027185  0.34854698161154984  0.35907878145552286  0.36963118905688130
  0.38042600189635717  0.39123834736600921  0.40204770894342234  0.41283916660019054
  0.42367504460429428  0.43446837013800899  0.44490437475508615  0.45545821457904179
  0.46578736532048981  0.47632812878551611  0.48659166227402395  0.49713321787815512
  0.50745856297244074  0.51784982332396157  0.52794926614112736  0.53818573116543511
  0.54838787693232316  0.55873341317161562  0.56883635200417959  0.57910930626787860
  0.58932836033155378  0.59967849948036700  0.61001517114634018  0.62050651383028110
  0.63102604956450947  0.64161958924755635  0.65220485414882068  0.66308470009737008
  0.67398071679923843  0.68479712856056929  0.69565915924180444  0.70666497368815573
  0.71760301358907774  0.72867150114776591  0.73947150914743798  0.75043956991573546
  0.76071372686352245  0.77102431076969102  0.78146269476089369  0.79190762246730206
  0.80226895313595781  0.81257280304481350  0.82317210934537977  0.83372035816545087
  0.84435901176937245  0.85493148312967426  0.86552902216371075  0.87574194507731007
  0.88598016782752409  0.89634235806613405  0.90693461766444128  0.91758249970265926
  0.92813375139642817  0.93869656830721671  0.94911233535668349  0.95951397547771577
  0.96962796145814467  0.97985418756361287  0.98992155698703688  1.00000000000000000
 -0.00342960613944495  0.02389631945229995  0.04426798877176252  0.06151994065468064
  0.07706552308738335  0.09172325889264184  0.10574422094434975  0.11895284363660225
  0.13159595152734488  0.14374525677483030  0.15529918346480492  0.16636733758884029
  0.17715879145205077  0.18762291354709199  0.19779200276320516  0.20776039333619756
  0.21762199841359495  0.22728775448631638  0.23672874460456031  0.24591380955428763
  0.25494723351646864  0.26383042319607808  0.27274499686928322  0.28159348746260637
  0.29045566843182724  0.29937934804199146  0.30836723303669050  0.31723890590463000
  0.32600224859589538  0.33457234833226240  0.34303293001950980  0.35148235118824445
  0.35981094417589848  0.36795254747426848  0.37596564138313293  0.38393776394386347
  0.39195552345853374  0.40002704375170905  0.40810303501396150  0.41619263733847861
  0.42432442970974088  0.43249591129482545  0.44070726537449306  0.44901323245943559
  0.45745941309868932  0.46572032007191433  0.47387588455997387  0.48190568538232342
  0.48990193196074372  0.49787810467789506  0.50583443349258694  0.51374197016197076
  0.52162366171556118  0.52942893771443666  0.53719196135804570  0.54493680868724115
  0.55263216389385472  0.56040133165112260  0.56815260610008567  0.57592911746760889
  0.58377915369588274  0.59175121333234759  0.59969147968389502  0.60755304452732961
  0.61546986516711855  0.62339963340612137  0.63158942000116480  0.63993834212660428
  0.64836841156795577  0.65678729064076169  0.66527723915421066  0.67385060562415433
  0.68250158302017239  0.69111635838999264  0.69978446947022455  0.70854471584029322
  0.71740460492833258  0.72633184137165185  0.73556554476237934  0.74510910687774612
  0.75496243017874187  0.76511025304094127  0.77547999750451779  0.78602074237890196
  0.79658757228005783  0.80730534122566677  0.81862913191001874  0.83065382644586527
  0.84348691009214782  0.85677799830404433  0.87064578309373863  0.88578602961404929
  0.90297452586798799  0.92321062261516329  0.95071565487853305  1.00000000000000000
 -0.01886672997219404  0.10917853078344801  0.14487099553893318  0.16674646444417840
  0.18393375670839282  0.19854164500709637  0.21141721560896595  0.22333823180234041
  0.23448824100066368  0.24506026763247415  0.25486738720173413  0.26429816360610825
  0.27321937107035010  0.28183721647626364  0.29020125930405655  0.29825309076278866
  0.30608224068770468  0.31378911232950374  0.32126063307561359  0.32856906877609116
  0.33561818137490645  0.34245712781428567  0.34920755511386442  0.35584586244138633
  0.36228973799096037  0.36865714946491279  0.37491427992414694  0.38108894745255556
  0.38721429507839200  0.39330256376333944  0.39933773096038794  0.40529224648830653
  0.41117617523933636  0.41699237721312166  0.42271793699354571  0.42842762616281627
  0.43410375670599677  0.43982463287740409  0.44554919165551149  0.45126302451854872
  0.45696613449333018  0.46270325073801688  0.46840070374282711  0.47407694842500298
  0.47970686932969181  0.48529928880304762  0.49090252810777979  0.49650861246247280
  0.50212885024892207  0.50785209603700487  0.51357698335137714  0.51930587225050107
  0.52501297653091328  0.53074617683178815  0.53651832442206715  0.54232752045285737
  0.54815004225299646  0.55396683511166234  0.55977524086176600  0.56554490566295490
  0.57127459926297819  0.57702344305582765  0.58283894411238113  0.58873035956055486
  0.59469016490214976  0.60065974031523373  0.60668372860092279  0.61275671121797448
  0.61885453972828453  0.62496384244804126  0.63112754520081649  0.63740224062426587
  0.64381906566621694  0.65044656492155317  0.65723998211424839  0.66409806797067639
  0.67114270187936298  0.67835380260574718  0.68557847501788349  0.69309949342411659
  0.70080910953761455  0.70880912812693830  0.71708306336821315  0.72563613820795447
  0.73451203671588527  0.74379111729031400  0.75353406906828668  0.76384963228696379
  0.77484394195842776  0.78673537770138202  0.79988439761669727  0.81476979896827040
  0.83231928144845779  0.85466762874852953  0.89020903711835031  1.00000000000000000
   2.3740484403020185E-003  -1.0000000000000000     
 F F F F F F F F F F F F F F F F F F F F F F F F F F F F F F F F
  <DiscreteSampler_grid>
  grouped_processes
  1 # 1 for a reference and 2 for a running grid.
  10 # Attribute 'min_bin_probing_points' of the grid.
  1 # Attribute 'grid_mode' of the grid. 1=='default',2=='initialization'
  0.0000000000000000 # Attribute 'small_contrib_threshold' of the grid.
  0.5000000000000000 # Attribute 'damping_power' of the grid.
 # binID   n_entries weight   weight_sqr   abs_weight
    10   10   3.412380814370540E+008   3.539512526816216E+017   3.412380814370540E+008
    16   10   3.412380814370540E+008   3.539512526816216E+017   3.412380814370540E+008
  </DiscreteSampler_grid>
