  0.00000214863923536  0.00000490404731724  0.00001075419453118  0.00001621528030821
  0.00002132501445246  0.00002621563845369  0.00003098762934006  0.00003568166279208
  0.00004026545711429  0.00004494969716278  0.00004970530084277  0.00005451624031037
  0.00005940282914646  0.00006440794593705  0.00006948586979661  0.00007464054070146
  0.00007989139966344  0.00008522406048918  0.00009065934816648  0.00009625809889910
  0.00010206144250645  0.00010794480320107  0.00011395019271435  0.00012005002558594
  0.00012631153725205  0.00013272014102848  0.00013925724667290  0.00014589556086440
  0.00015262294354042  0.00015940160584402  0.00016612142390466  0.00017293803658160
  0.00017991790625210  0.00018707233890170  0.00019441787324743  0.00020207604725553
  0.00021003691770762  0.00021809656933971  0.00022677871453396  0.00023562275486635
  0.00024486784749499  0.00025438557628504  0.00026415580524199  0.00027443992263854
  0.00028503170766411  0.00029604940073376  0.00030768131812628  0.00031959195791054
  0.00033207407377917  0.00034509676144910  0.00035862014262755  0.00037280584820997
  0.00038755246625158  0.00040319203461351  0.00041995367399167  0.00043752768336662
  0.00045594572595525  0.00047526784820870  0.00049567461413541  0.00051765163288525
  0.00054032759315183  0.00056458258601540  0.00058990382018020  0.00061792018105047
  0.00064766743279667  0.00067914259177005  0.00071277800027714  0.00074904874069076
  0.00078910284632838  0.00083250691044930  0.00087905900171712  0.00093045923970509
  0.00098415504527928  0.00104267572965023  0.00110616827100711  0.00117595395887084
  0.00125514884112614  0.00134031280588521  0.00143743511707016  0.00154511493359791
  0.00166785666924009  0.00180610717760990  0.00196257421146274  0.00214523764351975
  0.00236044879772258  0.00261999745622039  0.00292780182362528  0.00330720355338687
  0.00378402750406686  0.00437344788082733  0.00515208889242470  0.00635764131328151
  0.00814697422668619  0.01161685234902373  0.21136720848587576  1.00000000000000000
 -0.00237920873090531  0.00948262900596500  0.01941084977884395  0.02948560883956836
  0.03967352274927149  0.05030502672732939  0.06085301158045365  0.07158437709942535
  0.08230686290368724  0.09299207140017865  0.10371787400090574  0.11460598148080391
  0.12558659205518699  0.13636721072878133  0.14710331309755012  0.15767671272344880
  0.16821020789294228  0.17859634985125589  0.18908019181011043  0.19940866640360241
  0.20977413553647375  0.22024801501840488  0.23080163231229489  0.24108034288499991
  0.25148295993830677  0.26188287358762280  0.27251507874885983  0.28338157321446467
  0.29432892732879190  0.30512880362044270  0.31576885371483543  0.32655079053192509
  0.33732061291138421  0.34803229201392683  0.35868795471827397  0.36920756281081779
  0.37950791437125986  0.38973451602402265  0.40021603692791358  0.41108549901687774
  0.42184180493416812  0.43258533511463781  0.44315634597635933  0.45389577691490540
  0.46453168031589420  0.47508924902184080  0.48568733923989971  0.49632046603689972
  0.50663740102530708  0.51700692291932193  0.52758645346605215  0.53812826614226950
  0.54843761565502180  0.55861739856744663  0.56905727963754693  0.57946327950471954
  0.58999035774838315  0.60044984868676776  0.61101170746848354  0.62155591281227196
  0.63222999090004650  0.64310267362168538  0.65384158867823350  0.66457010983272302
  0.67474636510908714  0.68481455425239857  0.69496996462541782  0.70535739762745808
  0.71599427565828466  0.72654572919409455  0.73712558809032314  0.74779960764090325
  0.75849781474200295  0.76932101441903511  0.78026337929860867  0.79117211668960419
  0.80164684792132468  0.81205856161240542  0.82232089951612208  0.83284079562464786
  0.84296437345041608  0.85334003851448270  0.86348049984115460  0.87338540992803515
  0.88325971359436661  0.89319205955315084  0.90337799978772992  0.91388327872845698
  0.92447624179009458  0.93538370854099773  0.94622093549830466  0.95702412780463741
  0.96787720889373641  0.97856184767334220  0.98941624750188883  1.00000000000000000
 -0.00387090732132953  0.02480748867853984  0.04585711782526682  0.06349584243330647
  0.07920352974664831  0.09341569034021677  0.10678498377915067  0.11959258349658165
  0.13184532279331795  0.14358647512449146  0.15494533322222695  0.16595526225045601
  0.17661185422912160  0.18709155425912374  0.19750126100075827  0.20787411009992765
  0.21804233883473342  0.22794755849754092  0.23752505345921585  0.24694513455215375
  0.25615672498210534  0.26519845359294930  0.27402653965141849  0.28273285577546614
  0.29142289125805626  0.30028344773289278  0.30912383412850647  0.31778932498877849
  0.32631937208084594  0.33476916079942798  0.34328351820828740  0.35175435991671000
  0.36007340389414949  0.36828889748276911  0.37642402051975427  0.38446532330091943
  0.39243446848109231  0.40031119869009141  0.40801004677404706  0.41564335614306686
  0.42337256146181224  0.43118226446615598  0.43903219829492390  0.44697735462190474
  0.45486430952915446  0.46274974584516915  0.47057259488700687  0.47834296931816789
  0.48611694904510677  0.49397148473573099  0.50175811752744404  0.50949146586554095
  0.51724563037041504  0.52502466002276016  0.53278651272430488  0.54052003332999143
  0.54826382889222480  0.55606362690238686  0.56393549334505921  0.57188450029985294
  0.57984452431516120  0.58768689638067129  0.59547756174920363  0.60336946932113023
  0.61143901938514544  0.61962458159327694  0.62789663231697979  0.63617632251213985
  0.64438922357497963  0.65259524358357335  0.66081633915438243  0.66921210604555104
  0.67797264695642512  0.68672807864482799  0.69556082854886181  0.70428367046466978
  0.71331969504238013  0.72266944294594249  0.73231859499274199  0.74230001155017966
  0.75241976421560397  0.76263884295786355  0.77304789597356427  0.78365379497956555
  0.79448405685834123  0.80546734935776476  0.81698093955821705  0.82884232023267457
  0.84165715285207710  0.85520318899875947  0.87004973278592657  0.88582796589353519
  0.90323270042935200  0.92343276309510447  0.95082995657676972  1.00000000000000000
 -0.01813764903427337  0.10911416115235285  0.14498080058963364  0.16730486846749995
  0.18478104460875866  0.19973768115004331  0.21288195847457111  0.22483066947700261
  0.23590258270448397  0.24629738319923827  0.25616708567786617  0.26563026434129977
  0.27460438776774049  0.28316940400852236  0.29135988626976944  0.29924384336168486
  0.30699503096558173  0.31460168325011828  0.32191111621236845  0.32903573783815215
  0.33599817778319568  0.34282694991361695  0.34954450670144771  0.35615715070147236
  0.36266551387298984  0.36912946439528038  0.37550678567546836  0.38173413550309576
  0.38787336323089272  0.39395144999543552  0.39995757864750892  0.40588372972681225
  0.41173107691737704  0.41756905311113152  0.42339733116298672  0.42922180069177140
  0.43502411071162006  0.44079856367419162  0.44653023744453896  0.45223686756550285
  0.45795855040049221  0.46366674767862037  0.46934566449407777  0.47499956552698797
  0.48058843397941114  0.48614359912261196  0.49170283366802986  0.49731637163111431
  0.50292531162483367  0.50850646116651055  0.51409074719722681  0.51962831577565083
  0.52515869375330559  0.53068674460967746  0.53623851980213644  0.54184130537700836
  0.54750829020853309  0.55320390013592269  0.55884329717604453  0.56451806047087238
  0.57021444926854659  0.57600606437911350  0.58184470529277810  0.58769962972083511
  0.59359246776603369  0.59956077560658849  0.60562311135417846  0.61179347697573661
  0.61802756984101670  0.62431370959975674  0.63067167167977756  0.63708534668180539
  0.64354349074581418  0.65011496859167306  0.65685336702446140  0.66366034505069593
  0.67073005494359184  0.67798251733148085  0.68532079135090218  0.69299581278431999
  0.70090213962263304  0.70901357635536977  0.71740017825024194  0.72600916030438356
  0.73484681496807647  0.74394846622482946  0.75353310495225312  0.76367796706308122
  0.77455047162364643  0.78649957766634560  0.79985409583200717  0.81487338940999465
  0.83222790990706608  0.85426928712785188  0.88922152655966202  1.00000000000000000
   2.3737335878062510E-003  -1.0000000000000000     
 F F F F F F F F F F F F F F F F F F F F F F F F F F F F F F F F
  <DiscreteSampler_grid>
  grouped_processes
  1 # 1 for a reference and 2 for a running grid.
  10 # Attribute 'min_bin_probing_points' of the grid.
  1 # Attribute 'grid_mode' of the grid. 1=='default',2=='initialization'
  0.0000000000000000 # Attribute 'small_contrib_threshold' of the grid.
  0.5000000000000000 # Attribute 'damping_power' of the grid.
 # binID   n_entries weight   weight_sqr   abs_weight
    10   10   3.174402862323362E+008   2.364987827299043E+017   3.174402862323362E+008
    16   10   3.174402862323362E+008   2.364987827299044E+017   3.174402862323362E+008
  </DiscreteSampler_grid>
