  0.00000144424317291  0.00000613868892824  0.00001247841560656  0.00001830571911537
  0.00002361394425421  0.00002860504585329  0.00003346157276841  0.00003830464162235
  0.00004314685829482  0.00004811645970133  0.00005318340056327  0.00005830707935455
  0.00006348162310448  0.00006862436067253  0.00007384368516019  0.00007913872409796
  0.00008451088412064  0.00008996544416773  0.00009550958227602  0.00010121534887231
  0.00010706560509389  0.00011304780631586  0.00011912796800943  0.00012529912279452
  0.00013159212822723  0.00013803105298762  0.00014455515057931  0.00015113049025006
  0.00015777147258017  0.00016451255692866  0.00017138290633333  0.00017845065878366
  0.00018570624712469  0.00019318069564486  0.00020099753652088  0.00020909539857802
  0.00021740957330563  0.00022608634406336  0.00023514831334518  0.00024439829524095
  0.00025414705056970  0.00026389220641702  0.00027421419108302  0.00028468662294149
  0.00029550723667759  0.00030688497917793  0.00031851090286533  0.00033115820044277
  0.00034431036061931  0.00035810616333411  0.00037246132793699  0.00038741191090449
  0.00040317978070897  0.00041978738572303  0.00043714868182340  0.00045521584011000
  0.00047408996873649  0.00049413259044101  0.00051552925232420  0.00053812666506371
  0.00056250719980212  0.00058862059903931  0.00061634207688234  0.00064583493157100
  0.00067696466346849  0.00071024101075377  0.00074501416194305  0.00078207450231366
  0.00082253625853096  0.00086658193343901  0.00091384638826464  0.00096490563632701
  0.00102173613674120  0.00108340952495391  0.00115062653000654  0.00122592225784121
  0.00131071006634239  0.00140303998734085  0.00150782509886726  0.00162744370472914
  0.00176127145077324  0.00191535905654680  0.00209109000355492  0.00229709399176301
  0.00254621240620076  0.00285040822673528  0.00321561511562094  0.00364920076555623
  0.00417257855111808  0.00486700865714830  0.00577864966974308  0.00709720147533401
  0.00951168346569299  0.01368306100400025  0.21109920442642985  1.00000000000000000
 -0.00252803863254777  0.00961704371546918  0.01949253882151812  0.03013545092316560
  0.04043223519315319  0.05085690569987380  0.06113672758098786  0.07162614298721588
  0.08230031004985976  0.09288555452054320  0.10342876361665006  0.11393368672282256
  0.12437776095709503  0.13456589175310987  0.14457829401973285  0.15510706711570330
  0.16562913749736127  0.17660173031316359  0.18701661420279228  0.19778214138398673
  0.20857065554812682  0.21942653348447433  0.23028658147485365  0.24082244343892409
  0.25132753903168537  0.26171340039810709  0.27232611663744410  0.28294357014508648
  0.29364806343791566  0.30392767638717544  0.31414814700434096  0.32451708292144227
  0.33485421519647418  0.34516273070777542  0.35543614690213832  0.36616151854125395
  0.37693036090608784  0.38746071170779128  0.39790873093518569  0.40840708930940345
  0.41896148057306315  0.42944284225628676  0.43993442807004957  0.45000572002194317
  0.45998162430388156  0.47009319165524333  0.48025317631319442  0.49070965645815257
  0.50089100600807190  0.51110286030578767  0.52144611686347719  0.53179125323750009
  0.54193341145729845  0.55185926429279364  0.56195591361605668  0.57258125716591002
  0.58340298457815809  0.59432874046226514  0.60510942644177756  0.61590091794212243
  0.62681000127744679  0.63780488792555745  0.64872255850742100  0.65949441523123187
  0.67027385389627847  0.68105896130160448  0.69193937159898056  0.70289539001491719
  0.71397830448363198  0.72470606317583641  0.73527159300578282  0.74577853951114415
  0.75648425301879085  0.76689634163413889  0.77714919719401920  0.78732485522357631
  0.79792126527795648  0.80850553632903455  0.81900572540131267  0.82946611478065624
  0.84013756833887354  0.85102016072257103  0.86159492437925544  0.87211504637788306
  0.88281844732290993  0.89365589716900862  0.90438041478671682  0.91499733499017477
  0.92574125868966306  0.93647068613437556  0.94711378370715793  0.95773337658618174
  0.96842553688689825  0.97890385890572795  0.98945961005222927  1.00000000000000000
 -0.00383477456942534  0.02450362143255682  0.04483964668792156  0.06214562123713831
  0.07758957247564348  0.09206340149987838  0.10575120117065828  0.11861859827706486
  0.13110398297523207  0.14348070978546368  0.15548721601200247  0.16719685783632729
  0.17861976908392438  0.18961037967170161  0.19995898853366395  0.21007864209739638
  0.21969782660294876  0.22919259011448279  0.23855738471401552  0.24792629465831664
  0.25702925686638800  0.26603516347861167  0.27484558219960431  0.28359325752572012
  0.29224651504925986  0.30069363122561377  0.30917620499388304  0.31773662109570111
  0.32637712696092341  0.33501647259733297  0.34358564477226272  0.35204429244685598
  0.36042151889583873  0.36870127288634724  0.37689127299507330  0.38505861011856579
  0.39323077857494315  0.40128374608064959  0.40924753783137552  0.41730486917496162
  0.42537522435275676  0.43342851711470759  0.44144910079660693  0.44943723113196243
  0.45754113598824869  0.46569700852645929  0.47382031572264816  0.48180369884762198
  0.48963673688329551  0.49736161689001329  0.50494866568114294  0.51250318098026981
  0.52023950420214593  0.52814738886111245  0.53601391344765570  0.54383204039809141
  0.55166413776490542  0.55951520840498425  0.56750937362103882  0.57556295397519930
  0.58364019193270589  0.59172385671566419  0.59979175881923463  0.60782485890870130
  0.61579256551178085  0.62378223738360394  0.63195893335640330  0.64020215345363862
  0.64859951182732811  0.65709316066665890  0.66563067745259774  0.67424995570920110
  0.68287178025051021  0.69152593022491915  0.70020941914361334  0.70893171015621570
  0.71781256988932562  0.72693645692300546  0.73633508761698740  0.74597113511067492
  0.75565637024831844  0.76546228110464953  0.77550809331876214  0.78593815118706234
  0.79674500950086702  0.80791598180051993  0.81935180459767343  0.83114488178465662
  0.84362498643178208  0.85692780408444047  0.87076916392488801  0.88618113915779495
  0.90364880861685670  0.92451231680096657  0.95170761231882750  1.00000000000000000
 -0.01910454888093981  0.10845662619571428  0.14435464119429126  0.16602293471992635
  0.18321242349042474  0.19798702001383858  0.21120730061160317  0.22336291954671342
  0.23455642628129764  0.24500783388839398  0.25478676632397451  0.26419967238792380
  0.27321317632345204  0.28185293813734025  0.29023317136543109  0.29832932685707481
  0.30620560148448295  0.31390922267376309  0.32130774819925700  0.32861703065203568
  0.33572238148909683  0.34255583575044479  0.34934332543389035  0.35602046404852222
  0.36261654243611185  0.36913558373142435  0.37554911845723477  0.38184895234307248
  0.38808930427619376  0.39428700612079404  0.40037747288066988  0.40639440916711544
  0.41241152283596694  0.41835866966288965  0.42418364829832439  0.42988977263414435
  0.43554457637040184  0.44114611753002708  0.44672544908790085  0.45232074149447593
  0.45794742220320306  0.46358242917261722  0.46918809694551894  0.47474775458636176
  0.48028223232875361  0.48583464216663319  0.49142182751975144  0.49701253906835641
  0.50257403487653052  0.50820180707113694  0.51381116682641992  0.51939948418051396
  0.52495943241595988  0.53049811207843178  0.53606029009017886  0.54171270633303148
  0.54745705466808425  0.55322415260157287  0.55897692194773063  0.56468640349477739
  0.57045325138458614  0.57624123636230751  0.58205762015890050  0.58792985498934580
  0.59379015849219985  0.59971884041030554  0.60576049298977541  0.61193317106167389
  0.61819877875480578  0.62451759934647877  0.63094040462036338  0.63746135228896006
  0.64402475032133277  0.65068266532429553  0.65731913405070219  0.66402087471479054
  0.67092162659753019  0.67802017948243964  0.68531279214550755  0.69283290023494981
  0.70062581374730504  0.70862921115151378  0.71703832523900057  0.72570035070914862
  0.73460709925023338  0.74392321606388934  0.75376851839198844  0.76455629016614324
  0.77577464674155983  0.78777501595053145  0.80092034287134750  0.81585429483081762
  0.83313345475750800  0.85495386921188243  0.89050012574420156  1.00000000000000000
   2.3591507942107588E-003  -1.0000000000000000     
 F F F F F F F F F F F F F F F F F F F F F F F F F F F F F F F F
  <DiscreteSampler_grid>
  grouped_processes
  1 # 1 for a reference and 2 for a running grid.
  10 # Attribute 'min_bin_probing_points' of the grid.
  1 # Attribute 'grid_mode' of the grid. 1=='default',2=='initialization'
  0.0000000000000000 # Attribute 'small_contrib_threshold' of the grid.
  0.5000000000000000 # Attribute 'damping_power' of the grid.
 # binID   n_entries weight   weight_sqr   abs_weight
    10   10   1.048824464116221E+008   2.103219314152791E+016   1.048824464116221E+008
    16   10   1.048824464116221E+008   2.103219314152792E+016   1.048824464116221E+008
  </DiscreteSampler_grid>
