  0.00000169279017430  0.00000499798351291  0.00001185936724666  0.00001723446796250
  0.00002221861668702  0.00002703496382899  0.00003175321011377  0.00003636034184596
  0.00004100478554922  0.00004567113978590  0.00005037227244824  0.00005510404694487
  0.00005988104173551  0.00006473406846691  0.00006967144999734  0.00007467830191545
  0.00007979490691108  0.00008500424204494  0.00009035270379303  0.00009593268561059
  0.00010170742060579  0.00010756927897305  0.00011352881631662  0.00011967538643340
  0.00012598670276448  0.00013239920355405  0.00013894839124170  0.00014561852058910
  0.00015244710689837  0.00015929200698403  0.00016611653614461  0.00017304388754518
  0.00018013236827715  0.00018738569989264  0.00019482611535350  0.00020261063137556
  0.00021058234319424  0.00021883614124932  0.00022740069004967  0.00023616210043113
  0.00024532502116316  0.00025493433982631  0.00026491473723941  0.00027531472375120
  0.00028612888404867  0.00029726681320893  0.00030909252227426  0.00032145236223346
  0.00033436984148802  0.00034787865253058  0.00036200402697008  0.00037693904203898
  0.00039261847860599  0.00040898212126636  0.00042610415396142  0.00044395123676722
  0.00046267199237437  0.00048217838963337  0.00050273676175058  0.00052464472012906
  0.00054764181164746  0.00057191077608036  0.00059759805249651  0.00062549115043686
  0.00065490182580759  0.00068606446286758  0.00071896213180330  0.00075472839003000
  0.00079237667958569  0.00083321038633973  0.00087696459256956  0.00092663674574033
  0.00098151248245189  0.00104110265826208  0.00110805616157443  0.00118122979672238
  0.00126400478983301  0.00135708193877303  0.00146312462279353  0.00158451800078300
  0.00172665968101908  0.00188672299522373  0.00206826875468148  0.00227723295155660
  0.00252477404159295  0.00281733010804892  0.00318058678644386  0.00364711991518175
  0.00426187383917623  0.00508555466919411  0.00626198898089853  0.00808226783087525
  0.01140896407609485  0.01977442675986467  0.08058535110547797  1.00000000000000000
 -0.00285725772654169  0.01027444289529185  0.02120153200286114  0.03223775885349744
  0.04322809499380999  0.05402516658198458  0.06481263647714372  0.07560439715924044
  0.08633270942364649  0.09681729055577526  0.10717467295711336  0.11747017040003026
  0.12788524766260759  0.13848389780200576  0.14918861519835774  0.16005071648964300
  0.17068001891927087  0.18115984367761095  0.19153621479014282  0.20173952243452201
  0.21213603336345835  0.22226405800103075  0.23230990951703695  0.24249743573491261
  0.25278185831957906  0.26358556172524999  0.27431905561811054  0.28510065693459580
  0.29574013382484426  0.30644555726844835  0.31719402165131122  0.32804513821429848
  0.33892804897918910  0.34990379971730751  0.36049904975421743  0.37099435076762083
  0.38134088814617090  0.39185931801770124  0.40234656315342432  0.41299450316508912
  0.42344343748948732  0.43404033443748202  0.44451808831282869  0.45512366074259053
  0.46568426970286581  0.47628640418429113  0.48691098566292185  0.49754792478441578
  0.50827202605468536  0.51905779425754917  0.52968292180763388  0.54007955524706408
  0.55060473563174639  0.56108828834966162  0.57164748887247208  0.58210124665546448
  0.59252704626833241  0.60323360011250993  0.61384277563694822  0.62442191230169797
  0.63474105532493919  0.64507624247526330  0.65526318222776836  0.66538486452333445
  0.67577661630502583  0.68600130465932385  0.69641875578904022  0.70651516990030816
  0.71713243860563558  0.72773876868335563  0.73873574003834819  0.74991042002981101
  0.76087386968586379  0.77160483608791874  0.78207228178764121  0.79237970622218878
  0.80281780329613106  0.81325267859145289  0.82396747581808694  0.83449341383616682
  0.84503577604348368  0.85542999489920879  0.86561997524225232  0.87600965564999633
  0.88654613627078893  0.89696551660710089  0.90689124811044797  0.91667484401460031
  0.92694608310134441  0.93756058931275099  0.94825950406457671  0.95881650279375508
  0.96919228999996865  0.97951629824958408  0.98972700746013187  1.00000000000000000
 -0.00385842462067497  0.02438362015522009  0.04513610905343561  0.06260730792015007
  0.07844657031389178  0.09298368764944587  0.10656786231619782  0.11954943206037520
  0.13193756318131736  0.14381359177557687  0.15524103267345632  0.16625475937123113
  0.17690124484543260  0.18738772380913674  0.19783460170735401  0.20820592004678015
  0.21833081500513096  0.22825101918752477  0.23799115174018817  0.24760030987788451
  0.25701835267684381  0.26627371549206225  0.27533863566151529  0.28429135921480225
  0.29308137437126569  0.30179629816740067  0.31052173405221395  0.31939169027361686
  0.32822519272887424  0.33689123570329532  0.34547413320388137  0.35401183582342172
  0.36250734831632203  0.37095329557029944  0.37926263703646218  0.38738083273613627
  0.39533517726651896  0.40312608103386949  0.41087219935579111  0.41875226472746252
  0.42668879152652800  0.43459193414585112  0.44245217743487125  0.45036626885585057
  0.45818626889465430  0.46594790584830370  0.47370013757231849  0.48153981520306166
  0.48943215864163370  0.49732136006746824  0.50515992166161716  0.51292547791905552
  0.52068514610143635  0.52849204431020969  0.53639790182396407  0.54434800360918156
  0.55215610283860372  0.55994760218487805  0.56766270011618314  0.57550164371322621
  0.58340247140601009  0.59138583256461918  0.59931145102574734  0.60719995321993747
  0.61503604933791989  0.62282235632848726  0.63060844261143245  0.63838678000644689
  0.64640040545983368  0.65478001912460415  0.66314006700623407  0.67168792157137047
  0.68029226522920661  0.68896801406571195  0.69763715203065835  0.70639645329128975
  0.71534105930380343  0.72444305208993065  0.73372564915831351  0.74317277719367381
  0.75300387109227962  0.76323573285644508  0.77372643112668860  0.78440331552482689
  0.79528423437830331  0.80646464320856615  0.81807448655046189  0.82992830175184529
  0.84223652179661357  0.85518844578718733  0.86934711423249700  0.88514252073676802
  0.90263255242969276  0.92326526325954139  0.95128003072164435  1.00000000000000000
 -0.01866694658634674  0.10935573576380192  0.14566590641704413  0.16783731728925283
  0.18515810824005735  0.20016596188197011  0.21347624762138165  0.22555639999934146
  0.23666707803683429  0.24707412308960733  0.25681144238366044  0.26603054228936213
  0.27483157306447742  0.28330225087999839  0.29151025490347654  0.29949193552810638
  0.30724366012626264  0.31483169893248059  0.32220025110037837  0.32941699971102401
  0.33650845827303716  0.34343659081717642  0.35031298095981067  0.35712993986159514
  0.36382023515558382  0.37042820664942150  0.37684591100804421  0.38312452365315147
  0.38937535631120745  0.39559338781576697  0.40166018549199756  0.40762413701811739
  0.41351142124715917  0.41931498656518845  0.42508797270207199  0.43087426320908462
  0.43666526604856731  0.44240405998954918  0.44809228261118583  0.45375480777438448
  0.45938699427504937  0.46498417933047503  0.47056234677094472  0.47611241848663832
  0.48152125141697216  0.48681771629988363  0.49218322919759017  0.49758639066639226
  0.50300713223008564  0.50840956945486060  0.51378965262404741  0.51922011652605315
  0.52475809355526992  0.53034751834472738  0.53590646407539999  0.54146448432370753
  0.54710393220789089  0.55278953462275771  0.55851471819484555  0.56426999011726842
  0.57005210918910953  0.57589513825284100  0.58176217275072406  0.58761740005195129
  0.59352463334753480  0.59943889808500206  0.60540869962507082  0.61146804842992586
  0.61761373529518659  0.62386998954058093  0.63023167715120221  0.63666385027838746
  0.64313969036296270  0.64970385860428825  0.65643186126125486  0.66322368171400792
  0.67026546433414225  0.67749874717902747  0.68481712645724357  0.69243021007349104
  0.70021014712241103  0.70816729747412999  0.71638187230290729  0.72478886618316729
  0.73361969462436583  0.74281424418444220  0.75260235712924328  0.76306447208195671
  0.77425577141048352  0.78628297594897989  0.79945384914189555  0.81427517983046405
  0.83163876834577133  0.85418755370512922  0.89016839142550042  1.00000000000000000
   2.3659646013024036E-003  -1.0000000000000000     
 F F F F F F F F F F F F F F F F F F F F F F F F F F F F F F F F
  <DiscreteSampler_grid>
  grouped_processes
  1 # 1 for a reference and 2 for a running grid.
  10 # Attribute 'min_bin_probing_points' of the grid.
  1 # Attribute 'grid_mode' of the grid. 1=='default',2=='initialization'
  0.0000000000000000 # Attribute 'small_contrib_threshold' of the grid.
  0.5000000000000000 # Attribute 'damping_power' of the grid.
 # binID   n_entries weight   weight_sqr   abs_weight
    10   10   2.193419499097383E+008   1.044724621785010E+017   2.193419499097383E+008
    16   10   2.193419499097382E+008   1.044724621785009E+017   2.193419499097382E+008
  </DiscreteSampler_grid>
