  0.00000439264748220  0.00001008849058907  0.00001503447097724  0.00001963560852063
  0.00002398310902291  0.00002817682459168  0.00003249364466012  0.00003712197875691
  0.00004189006511035  0.00004660222195451  0.00005137636273880  0.00005618995070369
  0.00006105823291593  0.00006601895850239  0.00007109099604625  0.00007625335908583
  0.00008149688164699  0.00008686560576191  0.00009239497625669  0.00009809944356724
  0.00010396290166325  0.00010995000092330  0.00011606804129271  0.00012231357422204
  0.00012868534378550  0.00013515569904225  0.00014167278828577  0.00014823398416386
  0.00015492369534446  0.00016163811181270  0.00016841382622200  0.00017535010967492
  0.00018249520582833  0.00018975498203452  0.00019734579063547  0.00020514689644509
  0.00021316565921167  0.00022147565764091  0.00023010520249168  0.00023907439613062
  0.00024843386496465  0.00025818123590327  0.00026823412330001  0.00027872370761181
  0.00028943237278955  0.00030055578518287  0.00031230353229906  0.00032421831681639
  0.00033718871569284  0.00035030851195232  0.00036430278632545  0.00037894302547380
  0.00039438664745790  0.00041064277518274  0.00042754976379402  0.00044527163636413
  0.00046391569092298  0.00048364509086770  0.00050465277127685  0.00052683646346408
  0.00055026285971570  0.00057514836527616  0.00060166988069897  0.00062994000054064
  0.00065994153836628  0.00069202873758720  0.00072617498785627  0.00076260641335279
  0.00080193419798349  0.00084497405076544  0.00089331482002590  0.00094603069484495
  0.00100326222322852  0.00106413102653479  0.00112971814201821  0.00120275649782383
  0.00128362575647125  0.00137834240761454  0.00148428599942941  0.00160041479567610
  0.00173227564420746  0.00188373240030951  0.00206007870264481  0.00226735556195582
  0.00252002981793029  0.00281655669741682  0.00315781391576024  0.00358902280064249
  0.00419137735005551  0.00502112996565399  0.00617511170112623  0.00821977861304788
  0.01135395285825679  0.01776176154459661  0.09670460495886787  1.00000000000000000
 -0.00236357622786544  0.00919295484926968  0.01910652895297045  0.02982468368276068
  0.04045742649177242  0.05116631248558548  0.06165196535010024  0.07243362433727607
  0.08312805815778868  0.09411903058893138  0.10494946543184606  0.11576293329574890
  0.12632011542397970  0.13705521846300442  0.14774351193962929  0.15825946228391161
  0.16882501025799490  0.17932222621698740  0.18991015137296027  0.20047783401217517
  0.21097262220123020  0.22127970122113882  0.23156537316951986  0.24182596416786151
  0.25232666670566206  0.26277843456069422  0.27321997732615577  0.28354726069336572
  0.29406164469848817  0.30484115659117755  0.31566450828338732  0.32649352785696373
  0.33736095280713330  0.34832903923715253  0.35903736968809058  0.36955843632173935
  0.38009571422016636  0.39061431486744519  0.40113561314235519  0.41176414186964194
  0.42248593338047513  0.43318321923055869  0.44383170400932365  0.45440784173455151
  0.46502165480229646  0.47574705945439827  0.48657525358708148  0.49747729199567597
  0.50833029143862696  0.51923577325074399  0.53023385794232325  0.54126977410270471
  0.55211883271112916  0.56280338486190118  0.57332195843721878  0.58378711720172549
  0.59426926840245065  0.60467593840319334  0.61508601439962196  0.62534958385950457
  0.63550182952512779  0.64558587645003573  0.65565060535951991  0.66575881943323967
  0.67603799374951723  0.68651888301599273  0.69736765925973176  0.70820282020587089
  0.71868717290969208  0.72887809286656358  0.73909840497606683  0.74939250201022467
  0.75963886690535776  0.76991711493720938  0.78044065927350592  0.79095153955605391
  0.80159583944361679  0.81196170335088913  0.82273786345164757  0.83340380548625737
  0.84428419227234341  0.85506357760142815  0.86562178296255499  0.87608426348194612
  0.88650929838964587  0.89672913306865987  0.90716412112787403  0.91758954734764087
  0.92819780537766172  0.93879517697694304  0.94908339690783128  0.95946754358662956
  0.96953377147564701  0.97966973565338211  0.98984772594313608  1.00000000000000000
 -0.00364563082129973  0.02463825148515939  0.04512029209622044  0.06234581643288559
  0.07789751090733260  0.09225269087785044  0.10582612312483031  0.11862967904242298
  0.13095250095782165  0.14278747179953072  0.15418802602670106  0.16530762752318245
  0.17618262114288397  0.18676743041716848  0.19696756997786496  0.20686589962332699
  0.21659771820573501  0.22622980820274224  0.23595965985414927  0.24551701019001373
  0.25491067293684483  0.26417799630291361  0.27338900687589723  0.28244908556495163
  0.29135614891814648  0.30011537247792042  0.30883512257528722  0.31754771787253089
  0.32614673106540820  0.33467774196647793  0.34321929302232057  0.35167140259927926
  0.36009442429184657  0.36847285235141330  0.37674779007070935  0.38501171096537223
  0.39321636041505581  0.40130853094296293  0.40929698273017073  0.41733377176429837
  0.42527930095013994  0.43319084880157221  0.44100295046322685  0.44863468673088469
  0.45627348861973194  0.46415028140487175  0.47217670850171428  0.48019565570931422
  0.48813438505247853  0.49594926451792531  0.50366983711579227  0.51138343345049608
  0.51913765619459640  0.52697495241656833  0.53486422198295946  0.54271443079271731
  0.55054353546110912  0.55842053064120734  0.56636197256031962  0.57437707877645827
  0.58232502820317467  0.59020337072105244  0.59816187705277957  0.60629831733722928
  0.61457396888184312  0.62290155599725028  0.63113334171982050  0.63938335775647170
  0.64760042600645462  0.65590270443187182  0.66416306294943916  0.67271251536617649
  0.68122572631864886  0.68984141241096986  0.69852101293708735  0.70732542152585609
  0.71629775812656793  0.72544896386652846  0.73473665384778652  0.74417313682691366
  0.75385110031536862  0.76388276876235539  0.77422589810410170  0.78462699411588421
  0.79525425076278777  0.80614104020960220  0.81772261837373217  0.82979098421259756
  0.84288614599431089  0.85651756474393248  0.87076922054128658  0.88606326222438003
  0.90305209011644783  0.92347354187603592  0.95172772896633318  1.00000000000000000
 -0.01844609530379218  0.11015662853896942  0.14607508265395491  0.16846192240638633
  0.18565076043851225  0.20037121571166688  0.21337000451429403  0.22512512943967894
  0.23608177966493205  0.24650084767758992  0.25634531115129627  0.26572577735843539
  0.27468071891348705  0.28325026338026565  0.29157514370595894  0.29959727241649448
  0.30748359328993702  0.31514426670932266  0.32255377890132897  0.32983949847021510
  0.33695763891055042  0.34391745315321082  0.35085265702711127  0.35744583491132254
  0.36382664992913971  0.37013623762379688  0.37635883052034691  0.38248616024579307
  0.38855411910222076  0.39455747242782835  0.40044084993435758  0.40621198311512230
  0.41191285483446682  0.41754791951467018  0.42326525198602238  0.42900922550108866
  0.43476267540868702  0.44050310209575466  0.44625029713807773  0.45195242937967012
  0.45764435249441382  0.46328139827020304  0.46890717915387714  0.47453722548188620
  0.48011874456416198  0.48566589743826472  0.49113719459020394  0.49662853698405746
  0.50215629886454594  0.50765883014659285  0.51319455392915747  0.51873942259319727
  0.52435653178950525  0.53004341532554333  0.53577824255999840  0.54152014962786665
  0.54722964890024250  0.55291817448332847  0.55863320199915445  0.56439350758018092
  0.57020484852264519  0.57603482735560063  0.58185025443779481  0.58768524444639192
  0.59356569679458182  0.59949808685267236  0.60556084441741620  0.61169689012994433
  0.61783531693561700  0.62401225059795695  0.63029134333767889  0.63669476781890721
  0.64320378373940867  0.64981568075896301  0.65651380116889946  0.66325558642222471
  0.67017712534729235  0.67733555311803251  0.68463800013025855  0.69230609315408620
  0.70022560706168180  0.70841943827606113  0.71699484942206060  0.72578837881946512
  0.73470460460616338  0.74392420519588398  0.75370415857462336  0.76417189917204309
  0.77530002124793318  0.78727219006284888  0.80043542669472345  0.81543120689219395
  0.83315064057421007  0.85546420385651556  0.89093247036484058  1.00000000000000000
   2.3780289430746339E-003  -1.0000000000000000     
 F F F F F F F F F F F F F F F F F F F F F F F F F F F F F F F F
  <DiscreteSampler_grid>
  grouped_processes
  1 # 1 for a reference and 2 for a running grid.
  10 # Attribute 'min_bin_probing_points' of the grid.
  1 # Attribute 'grid_mode' of the grid. 1=='default',2=='initialization'
  0.0000000000000000 # Attribute 'small_contrib_threshold' of the grid.
  0.5000000000000000 # Attribute 'damping_power' of the grid.
 # binID   n_entries weight   weight_sqr   abs_weight
    10   10   4.341696431588650E+008   1.009845450965655E+018   4.341696431588650E+008
    16   10   4.341696431588652E+008   1.009845450965656E+018   4.341696431588652E+008
  </DiscreteSampler_grid>
