  0.00000372151487053  0.00000667258098317  0.00001209744273310  0.00001737276101902
  0.00002213324910184  0.00002670999113590  0.00003126314593751  0.00003586669357823
  0.00004053377400740  0.00004530940939916  0.00005017113695771  0.00005507044714123
  0.00005998417712948  0.00006490926448547  0.00006986353796397  0.00007488837328607
  0.00008003730570070  0.00008531350184343  0.00009072505554754  0.00009630910545659
  0.00010207549751615  0.00010800398245607  0.00011409825157369  0.00012032139503796
  0.00012669303527016  0.00013310894645128  0.00013961748360222  0.00014625635514777
  0.00015303023342834  0.00015988509988537  0.00016674296833973  0.00017362776860054
  0.00018066543232093  0.00018785382768049  0.00019528428587359  0.00020315274923349
  0.00021140572156154  0.00021981853892148  0.00022876885715364  0.00023772215428780
  0.00024716178902836  0.00025675541236923  0.00026667283780301  0.00027705450010656
  0.00028776520984818  0.00029904136146085  0.00031077439262121  0.00032298407282927
  0.00033598978806733  0.00034969087743367  0.00036410490272562  0.00037918117886916
  0.00039492767781093  0.00041157488081769  0.00042915299402182  0.00044780555210870
  0.00046752385379597  0.00048846901398532  0.00051045973029133  0.00053329598263962
  0.00055712474597326  0.00058186135297623  0.00060862190148520  0.00063706312821780
  0.00066708026507455  0.00069892244500678  0.00073368031005385  0.00077164614686989
  0.00081286832586257  0.00085714741949555  0.00090430545483430  0.00095651843595207
  0.00101237166384840  0.00107425485359548  0.00114110640495937  0.00121450459605333
  0.00129624687582175  0.00138829927680080  0.00149417125657532  0.00161175342355215
  0.00174651506215617  0.00189913099787507  0.00208005098223844  0.00229047465356665
  0.00252376839719582  0.00279646176983290  0.00314408746318078  0.00360142626435958
  0.00423858383224035  0.00505102487185740  0.00613424631138463  0.00755142389481288
  0.00979132618808110  0.01732713336025508  0.18833692955278156  1.00000000000000000
 -0.00243621586040649  0.00930979005419627  0.01936163873081581  0.02966266390669979
  0.03998551323973504  0.05043632551067698  0.06093843690737840  0.07157991981587448
  0.08222017808496447  0.09288520636148392  0.10365591453999981  0.11414779634645976
  0.12447072163420847  0.13495901356216605  0.14535190969054190  0.15592729578092010
  0.16640894968624498  0.17701173610395218  0.18777955890100531  0.19849303587191494
  0.20935279912704541  0.22018266857284263  0.23087254064701976  0.24140517389191232
  0.25195698258514299  0.26250652998191287  0.27324547599565052  0.28383877276311775
  0.29446683834883930  0.30494324623266944  0.31536526200934167  0.32588368658887745
  0.33648106652068849  0.34707868512687501  0.35779273805541717  0.36855372894001104
  0.37925413330590096  0.38966287748172940  0.39993016463876152  0.41017817203210877
  0.42057964814324850  0.43094222768465690  0.44129007901952966  0.45159614278126164
  0.46211980476519954  0.47290015067796431  0.48361488755176552  0.49417229383773598
  0.50470124562054530  0.51537851902374865  0.52597306227490737  0.53643651362688027
  0.54680800676516705  0.55717606184285751  0.56747342989628147  0.57778904066717729
  0.58803347859917798  0.59837268892199391  0.60873607477139857  0.61918893297301691
  0.62961747361887477  0.63998540824249883  0.65052530832387023  0.66108120319815145
  0.67184058238770361  0.68265165283727802  0.69337786803002199  0.70402635133183067
  0.71477508927515121  0.72563639187945150  0.73608816666402066  0.74657340468458955
  0.75718095469829394  0.76785782252455459  0.77841144688040376  0.78892567180524642
  0.79962778296330350  0.81033239992813377  0.82059011364737455  0.83101090274933120
  0.84128603607387265  0.85164875112587968  0.86191788209977827  0.87225068970729336
  0.88266834748345457  0.89309435137156823  0.90343578259607860  0.91397628358141447
  0.92467754457593632  0.93557082579040085  0.94644090109366785  0.95712064485519210
  0.96798605836272444  0.97865776396501336  0.98934901538340114  1.00000000000000000
 -0.00392725179428223  0.02426193183526727  0.04489027194930924  0.06232901313792727
  0.07817981789116248  0.09278628516310142  0.10644026188147337  0.11935591552620636
  0.13157565481632988  0.14328465486051706  0.15467872552681797  0.16581153890154318
  0.17687167805080203  0.18761912921211424  0.19806385510658242  0.20818938610444104
  0.21807657955170850  0.22781514063861874  0.23735468209825097  0.24688087575568521
  0.25620847791881729  0.26541610129074311  0.27430000617644040  0.28295697480874360
  0.29164975300705515  0.30033374988394218  0.30905550353329536  0.31766531987819252
  0.32611872699342220  0.33446577665272403  0.34304973401985500  0.35150560223551464
  0.35993121247335053  0.36822352890331844  0.37641912144082335  0.38453829552219804
  0.39255046701496604  0.40041329864594594  0.40810821732479613  0.41578691702498743
  0.42346987232475702  0.43114147341458137  0.43887346192663912  0.44670484172899938
  0.45460597369393441  0.46255002727476879  0.47072153807965211  0.47874429187286410
  0.48677299961923365  0.49471639377728543  0.50263830534460474  0.51061981651258759
  0.51860797290044869  0.52657473224046625  0.53449917019715321  0.54240519670805332
  0.55029324225735687  0.55815576450714144  0.56599755417632724  0.57377782486525020
  0.58149371008693507  0.58923222614839865  0.59703378612429192  0.60500028789883853
  0.61314733871575844  0.62146996115901088  0.62983909376252123  0.63824411770030220
  0.64660162974905910  0.65492516258384459  0.66334356528792549  0.67183325123549598
  0.68036603963542974  0.68890692175410606  0.69761935799590147  0.70637816272719134
  0.71549926653827911  0.72476279761440299  0.73421303953906925  0.74383887654152714
  0.75360336427259078  0.76343833556332941  0.77344372795336458  0.78363559083991829
  0.79425743951793737  0.80518249735713854  0.81668130434198993  0.82889052990611589
  0.84210870942965377  0.85575147812582386  0.86983897609555338  0.88523028391594716
  0.90258702906633503  0.92313320358969608  0.95090713683036177  1.00000000000000000
 -0.01887632553709592  0.10914855711667773  0.14510879803415860  0.16714596566372311
  0.18440631866969187  0.19931765715446628  0.21255240988333829  0.22464896331850359
  0.23570513862099488  0.24599497897166930  0.25558655302698974  0.26478062172098227
  0.27366267902907776  0.28232216436999052  0.29076990919819290  0.29891256716813341
  0.30681346403240572  0.31444418660923956  0.32179385631226398  0.32891603560201937
  0.33584791827558330  0.34260842287323473  0.34931684794303958  0.35593082202083798
  0.36245523575843563  0.36896144695327926  0.37540971643161858  0.38172923109094870
  0.38792754086946363  0.39401008259663944  0.39994993375823434  0.40578582991785006
  0.41168671585696454  0.41758405812439547  0.42356270815025149  0.42943330257545920
  0.43522046452248947  0.44084001212931956  0.44638572170887658  0.45195229630208128
  0.45753686573722852  0.46315178465256440  0.46877195328750626  0.47437636548166418
  0.47997572950992973  0.48550587652810834  0.49101257028876433  0.49650411723269050
  0.50195123293374322  0.50735758949596865  0.51279700390439509  0.51820325470012663
  0.52367578966887418  0.52916264529646961  0.53463733715680739  0.54013937470188222
  0.54572213945160242  0.55137154626937901  0.55700101929069534  0.56261078586547020
  0.56836292886106443  0.57414830600710887  0.57997574056301882  0.58584024519280775
  0.59173710623383091  0.59772396328075705  0.60379729758635492  0.61000466459661840
  0.61619575116014136  0.62237818025250236  0.62864049219151985  0.63503218304420039
  0.64157101760058355  0.64826864075941848  0.65511316889677140  0.66207030347041840
  0.66916604702339388  0.67642392041084043  0.68382513690917013  0.69138178701279274
  0.69915171994630565  0.70711628119435654  0.71539928036936262  0.72397445076417377
  0.73291040060548696  0.74230370437113979  0.75213030350253607  0.76258727933252068
  0.77377413169706111  0.78593124648392509  0.79933569543840055  0.81440499240331354
  0.83175107285610472  0.85404598196969095  0.89068975907827175  1.00000000000000000
   2.3752958224049071E-003  -1.0000000000000000     
 F F F F F F F F F F F F F F F F F F F F F F F F F F F F F F F F
  <DiscreteSampler_grid>
  grouped_processes
  1 # 1 for a reference and 2 for a running grid.
  10 # Attribute 'min_bin_probing_points' of the grid.
  1 # Attribute 'grid_mode' of the grid. 1=='default',2=='initialization'
  0.0000000000000000 # Attribute 'small_contrib_threshold' of the grid.
  0.5000000000000000 # Attribute 'damping_power' of the grid.
 # binID   n_entries weight   weight_sqr   abs_weight
    10   10   3.289384967445550E+008   2.102227248803100E+017   3.289384967445550E+008
    16   10   3.289384967445551E+008   2.102227248803100E+017   3.289384967445551E+008
  </DiscreteSampler_grid>
