  0.00000393621898217  0.00000976244045825  0.00001471546975123  0.00001938736841833
  0.00002386511516771  0.00002818656909117  0.00003254374419750  0.00003719993360828
  0.00004189226347691  0.00004651183339884  0.00005122512875612  0.00005601281613943
  0.00006088633753211  0.00006588316961433  0.00007104141726969  0.00007628578354545
  0.00008158340051117  0.00008698353316364  0.00009249438463670  0.00009811383772843
  0.00010384811188157  0.00010968451476383  0.00011566206280831  0.00012176498636762
  0.00012801837957221  0.00013440365966746  0.00014084623904794  0.00014732766137977
  0.00015391446386973  0.00016063738155207  0.00016750926944890  0.00017450856125566
  0.00018170587679707  0.00018904084640640  0.00019670728502155  0.00020467205697442
  0.00021290484082439  0.00022134663032456  0.00023006550363934  0.00023897933926554
  0.00024825790326109  0.00025791343174582  0.00026794359985798  0.00027842505685185
  0.00028928407943022  0.00030071293335192  0.00031282232553881  0.00032513710250576
  0.00033877116189584  0.00035236506824059  0.00036688555001116  0.00038200362903617
  0.00039762441071687  0.00041420897495469  0.00043087518258697  0.00044890469408827
  0.00046727994631356  0.00048697911546620  0.00050779403397541  0.00052973159379841
  0.00055305019785884  0.00057765035976267  0.00060406232063221  0.00063230800970015
  0.00066276107218018  0.00069515375936408  0.00073008746106205  0.00076757734873241
  0.00080865987786747  0.00085284381938322  0.00090112578749038  0.00095380599923905
  0.00100979182270389  0.00107025390016567  0.00113561187739572  0.00120704411716383
  0.00128697387356295  0.00137484512784395  0.00147860028521612  0.00159614993161901
  0.00172827432402560  0.00187620889718661  0.00204076201131857  0.00223224491848854
  0.00247124059274462  0.00277131740933674  0.00314448891598105  0.00361013512600874
  0.00421680328306055  0.00498380904896014  0.00607384452752692  0.00768189577746555
  0.01022960067768601  0.01575921941696705  0.09185491050355121  1.00000000000000000
 -0.00232661214596040  0.00955611197629263  0.01983954066562827  0.03034455283632917
  0.04099611543391888  0.05152703263930179  0.06204999220837655  0.07253795257291946
  0.08301227043017338  0.09323703753220798  0.10352152832354938  0.11387649632387975
  0.12427968426651359  0.13469667916117842  0.14502246160911730  0.15562208312277379
  0.16621512862973761  0.17690829880188561  0.18745601615920959  0.19815374916026657
  0.20885143790957117  0.21959208293915219  0.23032471257909001  0.24090904868881141
  0.25149954557595844  0.26188206441604400  0.27232370914094195  0.28306846365146371
  0.29397990570722488  0.30486747652264073  0.31547332742174405  0.32591865689592248
  0.33637964183790581  0.34695248100891996  0.35754705523859054  0.36807569539624407
  0.37864049540450251  0.38939252388631590  0.40008155453852506  0.41065120168825414
  0.42109646779549975  0.43148283959954281  0.44173030876304070  0.45193455071795585
  0.46228789606411208  0.47291419032134285  0.48368457238824941  0.49439391951517042
  0.50489400594373912  0.51517496747138025  0.52541124259182570  0.53568942854804413
  0.54585976869391772  0.55609793596982815  0.56629900362189178  0.57662650987382835
  0.58679142273701856  0.59709949847803456  0.60734958869455757  0.61771725553177881
  0.62787976817718993  0.63823245798805750  0.64851519264727642  0.65888272702761341
  0.66941653823458869  0.68016588206245943  0.69065849982423466  0.70089444478233276
  0.71124575407497570  0.72182796603151145  0.73243225201803641  0.74302119674149103
  0.75358948928446690  0.76411967762209787  0.77448773625087930  0.78491560678123573
  0.79535858565272666  0.80585911250605990  0.81633752044849361  0.82695287371790493
  0.83759607411663162  0.84829011024659406  0.85897335098655614  0.86963735534693587
  0.88037671089279534  0.89135821485059918  0.90238545871040399  0.91348237083541739
  0.92451654141113682  0.93548730259770252  0.94625165949861401  0.95696252276294280
  0.96744345478003824  0.97809128423208658  0.98899248515050275  1.00000000000000000
 -0.00397475309064551  0.02462515356322681  0.04533012524505291  0.06255291212603213
  0.07793976675488969  0.09195211617654077  0.10530132785762464  0.11823079981253479
  0.13094119653312272  0.14321379261033462  0.15500378005695084  0.16629417187120701
  0.17724728745830323  0.18793775621682482  0.19834389672147396  0.20848066586908937
  0.21837143188794250  0.22806373988233228  0.23757888134534635  0.24703774914796026
  0.25648803505487394  0.26586136138224670  0.27513175754384173  0.28428945066003836
  0.29328515574854591  0.30211457404276570  0.31089885491210151  0.31948385762977544
  0.32799574157912426  0.33650190971281213  0.34497377408091623  0.35350243047754837
  0.36215783660238698  0.37085889866517974  0.37945167092712367  0.38787609858650285
  0.39618483269691102  0.40431079659844271  0.41240859833316285  0.42035676652685056
  0.42806348249881820  0.43569697288202563  0.44337819852222832  0.45119898706495992
  0.45920136600198563  0.46720645411819500  0.47504030790301421  0.48269779483483327
  0.49026093564664058  0.49782444446582658  0.50546441006160248  0.51316794118457587
  0.52092352959874710  0.52870698461011456  0.53649350698285891  0.54432382198680840
  0.55222804401499148  0.56020964434706755  0.56821551697131079  0.57631922514771861
  0.58437187562176041  0.59243104211408737  0.60058851086177223  0.60865400589497265
  0.61678063408014261  0.62490198963674592  0.63301960285527759  0.64107471047870812
  0.64911202210043317  0.65716430118147962  0.66538732652062693  0.67388404954716408
  0.68248459152561836  0.69104016031848137  0.69967686811415275  0.70847843103224040
  0.71745095999863251  0.72657145900795017  0.73597403052234434  0.74563336492271159
  0.75552358174753342  0.76566274852461558  0.77589525163005568  0.78621721568149039
  0.79668729987836284  0.80740803231937230  0.81856817412500060  0.83005694606367098
  0.84236211696428920  0.85546387590179340  0.86982098809418062  0.88598850958790654
  0.90386183808111986  0.92433058504466292  0.95160072521846728  1.00000000000000000
 -0.01874041249150179  0.10863264084318908  0.14429644076286957  0.16672807221303101
  0.18447950158893475  0.19964554637629528  0.21318672881525233  0.22554465876322494
  0.23680462654538179  0.24723997974908068  0.25705855856338250  0.26651154242995906
  0.27552024194144747  0.28419604529921971  0.29251390884201189  0.30059625650545729
  0.30850854783196546  0.31620967737273264  0.32362117903851140  0.33080614563933169
  0.33775650045977812  0.34456071803358568  0.35132348349879811  0.35791373516292485
  0.36434419386379380  0.37067636435446333  0.37687129972152100  0.38296976543260985
  0.38904716489286773  0.39509503815211822  0.40105248660602277  0.40691456231858469
  0.41273989196958827  0.41856528032915780  0.42435075706983250  0.43010713165974984
  0.43579615824531565  0.44140348652707445  0.44695177203330555  0.45247635141742953
  0.45800575456453685  0.46351671994043164  0.46901913735723377  0.47456467342159353
  0.48013523806086633  0.48570913941546823  0.49127486824943473  0.49676692868707817
  0.50231615619494951  0.50786538676059778  0.51344746381657236  0.51903459234721128
  0.52462010216312360  0.53019743325767643  0.53577910636517856  0.54137486544602620
  0.54699653238899071  0.55266599227380908  0.55838366588622412  0.56415567642452324
  0.56999977399837221  0.57582705421057923  0.58163890524284279  0.58749391198850576
  0.59337544880430970  0.59929255652459967  0.60529243845592173  0.61137162500343523
  0.61751397565989918  0.62373623943290923  0.63002917835375727  0.63637302836712684
  0.64278100019748696  0.64932497571642978  0.65610108199866057  0.66295320774055366
  0.67001660216474901  0.67728599947802970  0.68461685491767488  0.69211973578073371
  0.69991525799821241  0.70790163128800854  0.71631010551898844  0.72494742319358296
  0.73397723415894445  0.74330443958184744  0.75307366625494199  0.76343695770170128
  0.77452324387884219  0.78646740287866368  0.79974726971845078  0.81490138936836931
  0.83263415374789629  0.85470283092922716  0.89007643498340849  1.00000000000000000
   2.3673204324644497E-003  -1.0000000000000000     
 F F F F F F F F F F F F F F F F F F F F F F F F F F F F F F F F
  <DiscreteSampler_grid>
  grouped_processes
  1 # 1 for a reference and 2 for a running grid.
  10 # Attribute 'min_bin_probing_points' of the grid.
  1 # Attribute 'grid_mode' of the grid. 1=='default',2=='initialization'
  0.0000000000000000 # Attribute 'small_contrib_threshold' of the grid.
  0.5000000000000000 # Attribute 'damping_power' of the grid.
 # binID   n_entries weight   weight_sqr   abs_weight
    10   10   2.287858533570426E+008   1.099937108848374E+017   2.287858533570426E+008
    16   10   2.287858533570426E+008   1.099937108848374E+017   2.287858533570426E+008
  </DiscreteSampler_grid>
